Av. Nossa S. de Copacabana;PINK;6;20;60;180;320;450;50;50;30
Leblon;PINK;6;30;90;270;400;500;50;50;50
Av. Rebouças;LIGHTBLUE;18;90;250;7000;875;1050;150;150;110
Av. Europa;BROWN;16;80;220;600;800;1000;100;100;100
Jardim Paulista;BLUE;24;120;360;850;1025;1200;150;150;140
Av. Presidente Vargas;PINK;2;10;30;90;160;250;50;50;30
Av. 9 de Julho;LIGHT BLUE;18;90;250;700;875;1050;150;150;110
Av. Pacaembú;BROWN;14;70;200;550;750;950;100;100;90
Flamengo;RED;8;40;100;300;450;600;50;50;60
Botafogo;RED;6;30;90;270;400;500;50;50;50
Av. Vieira Souto;GREEN;28;150;450;1000;1200;1400;200;200;160
Brooklin;BLUE;22;110;330;800;975;1150;150;150;130
Av. Brasil;YELLOW;12;60;180;500;700;900;100;100;80
Av. Brigadero Faria Lima;LIGHT BLUE;20;100;300;750;925;1100;150;150;120
Intergalos;ORANGE;35;175;500;1100;1300;1500;200;200;175
Copacabana;GREEN;22;110;330;800;875;1150;150;150;130
Av. Atlântica;GREEN;26;130;390;900;1100;1275;200;200;150
Ipanema;GREEN;26;130;390;900;1100;1275;200;200;150
Jardim Europa;YELLOW;10;50;150;450;625;750;100;100;70
Av. Paulista;YELLOW;10;50;150;450;625;750;100;100;70
Rua Augusta;BROWN;14;70;200;550;750;950;100;100;90
Morumbi;ORANGE;50;200;600;1400;1700;2000;200;200;200
